symbol,sector,computed_time
20MICRONS,Unknown,2026-02-19 07:56:16.815743
21STCENMGM,Unknown,2026-02-19 07:56:16.815870
360ONE,Unknown,2026-02-19 07:56:16.815958
3IINFOLTD,IT,2026-02-19 07:56:16.816037
3MINDIA,Unknown,2026-02-19 07:56:16.816095
3PLAND,Unknown,2026-02-19 07:56:16.816143
5PAISA,Unknown,2026-02-19 07:56:16.816187
63MOONS,IT,2026-02-19 07:56:16.816273
A2ZINFRA,Unknown,2026-02-19 07:56:16.816321
AADHARHFC,Finance,2026-02-19 07:56:16.816364
AAKASH,Unknown,2026-02-19 07:56:16.816434
AAREYDRUGS,Pharma,2026-02-19 07:56:16.816518
AARON,Unknown,2026-02-19 07:56:16.816609
AARTECH,IT,2026-02-19 07:56:16.816684
AARTIDRUGS,Unknown,2026-02-19 07:56:16.816756
AARTIIND,Unknown,2026-02-19 07:56:16.816820
AARTIPHARM,Pharma,2026-02-19 07:56:16.816884
AARTISURF,Unknown,2026-02-19 07:56:16.816953
AARVI,Unknown,2026-02-19 07:56:16.817025
AAVAS,Unknown,2026-02-19 07:56:16.817090
ABB,Unknown,2026-02-19 07:56:16.817154
ABBOTINDIA,Unknown,2026-02-19 07:56:16.817255
ABCAPITAL,Unknown,2026-02-19 07:56:16.817339
ABCOTS,Unknown,2026-02-19 07:56:16.817419
ABDL,Unknown,2026-02-19 07:56:16.817496
ABFRL,Unknown,2026-02-19 07:56:16.817573
ABINFRA,Unknown,2026-02-19 07:56:16.817665
ABLBL,Unknown,2026-02-19 07:56:16.817740
ABREL,Unknown,2026-02-19 07:56:16.817819
ABSLAMC,Unknown,2026-02-19 07:56:16.817892
ACC,Unknown,2026-02-19 07:56:16.817972
ACCELYA,Unknown,2026-02-19 07:56:16.818044
ACCURACY,Unknown,2026-02-19 07:56:16.818123
ACE,Unknown,2026-02-19 07:56:16.818225
ACEINTEG,Unknown,2026-02-19 07:56:16.818311
ACI,Unknown,2026-02-19 07:56:16.818379
ACL,Cement,2026-02-19 07:56:16.818441
ACMESOLAR,Unknown,2026-02-19 07:56:16.818501
ACUTAAS,Unknown,2026-02-19 07:56:16.818562
ADANIENSOL,Energy,2026-02-19 07:56:16.818625
ADANIENT,Unknown,2026-02-19 07:56:16.818705
ADANIGREEN,Energy,2026-02-19 07:56:16.818782
ADANIPORTS,Unknown,2026-02-19 07:56:16.818869
ADANIPOWER,Energy,2026-02-19 07:56:16.818946
ADFFOODS,Unknown,2026-02-19 07:56:16.819022
ADL,Unknown,2026-02-19 07:56:16.819103
ADOR,Unknown,2026-02-19 07:56:16.819183
ADROITINFO,IT,2026-02-19 07:56:16.819282
ADSL,Unknown,2026-02-19 07:56:16.819352
ADVAIT,Energy,2026-02-19 07:56:16.819416
ADVANCE,Unknown,2026-02-19 07:56:16.819485
ADVANIHOTR,Unknown,2026-02-19 07:56:16.819547
ADVENTHTL,Unknown,2026-02-19 07:56:16.819608
ADVENZYMES,IT,2026-02-19 07:56:16.819667
AEGISLOG,Unknown,2026-02-19 07:56:16.819728
AEGISVOPAK,Unknown,2026-02-19 07:56:16.819789
AEQUS,Unknown,2026-02-19 07:56:16.819854
AEROENTER,Unknown,2026-02-19 07:56:16.819918
AEROFLEX,Unknown,2026-02-19 07:56:16.819965
AERONEU,Unknown,2026-02-19 07:56:16.820005
AETHER,Unknown,2026-02-19 07:56:16.820044
AFCONS,Unknown,2026-02-19 07:56:16.820083
AFFLE,Unknown,2026-02-19 07:56:16.820121
AFFORDABLE,Automobile,2026-02-19 07:56:16.820159
AFIL,Unknown,2026-02-19 07:56:16.820197
AFSL,Unknown,2026-02-19 07:56:16.820308
AGARIND,Unknown,2026-02-19 07:56:16.820365
AGARWALEYE,Unknown,2026-02-19 07:56:16.820408
AGI,Unknown,2026-02-19 07:56:16.820449
AGIIL,Unknown,2026-02-19 07:56:16.820488
AGROPHOS,Unknown,2026-02-19 07:56:16.820527
AHCL,Unknown,2026-02-19 07:56:16.820565
AHLADA,Unknown,2026-02-19 07:56:16.820616
AHLEAST,Unknown,2026-02-19 07:56:16.820659
AHLUCONT,Unknown,2026-02-19 07:56:16.820697
AIAENG,Unknown,2026-02-19 07:56:16.820734
AIIL,Unknown,2026-02-19 07:56:16.820772
AIRAN,Unknown,2026-02-19 07:56:16.820818
AIROLAM,Unknown,2026-02-19 07:56:16.820860
AJANTPHARM,Pharma,2026-02-19 07:56:16.820899
AJAXENGG,Unknown,2026-02-19 07:56:16.820939
AJMERA,Unknown,2026-02-19 07:56:16.820979
AJOONI,IT,2026-02-19 07:56:16.821018
AKASH,Unknown,2026-02-19 07:56:16.821061
AKG,Unknown,2026-02-19 07:56:16.821136
AKI,Unknown,2026-02-19 07:56:16.821247
AKSHAR,Unknown,2026-02-19 07:56:16.821335
AKSHARCHEM,Unknown,2026-02-19 07:56:16.821417
AKSHOPTFBR,Unknown,2026-02-19 07:56:16.821489
AKUMS,Pharma,2026-02-19 07:56:16.821537
AKZOINDIA,Unknown,2026-02-19 07:56:16.821579
ALANKIT,Unknown,2026-02-19 07:56:16.821618
ALBERTDAVD,Unknown,2026-02-19 07:56:16.821658
ALEMBICLTD,Unknown,2026-02-19 07:56:16.821698
ALGOQUANT,IT,2026-02-19 07:56:16.821737
ALICON,Unknown,2026-02-19 07:56:16.821776
ALIVUS,Unknown,2026-02-19 07:56:16.821815
ALKALI,Metals,2026-02-19 07:56:16.821854
ALKEM,Unknown,2026-02-19 07:56:16.821892
ALKYLAMINE,Unknown,2026-02-19 07:56:16.821931
ALLCARGO,Unknown,2026-02-19 07:56:16.821968
ALLDIGI,IT,2026-02-19 07:56:16.822006
ALLTIME,Unknown,2026-02-19 07:56:16.822044
ALMONDZ,Unknown,2026-02-19 07:56:16.822082
ALOKINDS,Unknown,2026-02-19 07:56:16.822120
ALPA,Unknown,2026-02-19 07:56:16.822160
ALPHAGEO,Unknown,2026-02-19 07:56:16.822222
AMAGI,Unknown,2026-02-19 07:56:16.822302
AMANTA,Unknown,2026-02-19 07:56:16.822380
AMBER,Unknown,2026-02-19 07:56:16.822460
AMBICAAGAR,Unknown,2026-02-19 07:56:16.822546
AMBIKCO,Unknown,2026-02-19 07:56:16.822624
AMBUJACEM,Cement,2026-02-19 07:56:16.822686
AMDIND,Unknown,2026-02-19 07:56:16.822753
AMJLAND,Unknown,2026-02-19 07:56:16.822815
AMNPLST,Unknown,2026-02-19 07:56:16.822875
AMRUTANJAN,Unknown,2026-02-19 07:56:16.822934
ANANDRATHI,Unknown,2026-02-19 07:56:16.822995
ANANTRAJ,Unknown,2026-02-19 07:56:16.823071
ANDHRAPAP,Unknown,2026-02-19 07:56:16.823149
ANDHRSUGAR,Unknown,2026-02-19 07:56:16.823248
ANGELONE,Unknown,2026-02-19 07:56:16.823330
ANIKINDS,Unknown,2026-02-19 07:56:16.823407
ANMOL,Unknown,2026-02-19 07:56:16.823482
ANTELOPUS,Energy,2026-02-19 07:56:16.823565
ANTGRAPHIC,Unknown,2026-02-19 07:56:16.823640
ANTHEM,Pharma,2026-02-19 07:56:16.823714
ANUHPHR,Pharma,2026-02-19 07:56:16.823789
ANUP,Unknown,2026-02-19 07:56:16.823862
ANURAS,Unknown,2026-02-19 07:56:16.823926
APARINDS,Unknown,2026-02-19 07:56:16.823991
APCL,Cement,2026-02-19 07:56:16.824054
APCOTEXIND,Unknown,2026-02-19 07:56:16.824123
APEX,Unknown,2026-02-19 07:56:16.824217
APLAPOLLO,Unknown,2026-02-19 07:56:16.824300
APLLTD,Pharma,2026-02-19 07:56:16.824379
APOLLO,Unknown,2026-02-19 07:56:16.824466
APOLLOHOSP,Unknown,2026-02-19 07:56:16.824543
APOLLOPIPE,Unknown,2026-02-19 07:56:16.824636
APOLLOTYRE,Unknown,2026-02-19 07:56:16.824713
APOLSINHOT,Unknown,2026-02-19 07:56:16.824790
APTECHT,IT,2026-02-19 07:56:16.824870
APTUS,Finance,2026-02-19 07:56:16.824949
ARCHIDPLY,Unknown,2026-02-19 07:56:16.825012
ARCHIES,Unknown,2026-02-19 07:56:16.825079
ARE&M,Energy,2026-02-19 07:56:16.825140
ARENTERP,Unknown,2026-02-19 07:56:16.825191
ARFIN,Unknown,2026-02-19 07:56:16.825269
ARIES,Unknown,2026-02-19 07:56:16.825312
ARIHANTCAP,Unknown,2026-02-19 07:56:16.825354
ARIHANTSUP,Unknown,2026-02-19 07:56:16.825394
ARIS,Unknown,2026-02-19 07:56:16.825431
ARKADE,Unknown,2026-02-19 07:56:16.825469
ARMANFIN,Unknown,2026-02-19 07:56:16.825506
AROGRANITE,Unknown,2026-02-19 07:56:16.825543
ARROWGREEN,IT,2026-02-19 07:56:16.825580
ARSSBL,Unknown,2026-02-19 07:56:16.825618
ARTEMISMED,Unknown,2026-02-19 07:56:16.825656
ARTNIRMAN,Unknown,2026-02-19 07:56:16.825693
ARVIND,Unknown,2026-02-19 07:56:16.825731
ARVINDFASN,Unknown,2026-02-19 07:56:16.825768
ARVSMART,Unknown,2026-02-19 07:56:16.825806
ASAHIINDIA,Unknown,2026-02-19 07:56:16.825843
ASAHISONG,Unknown,2026-02-19 07:56:16.825880
ASAL,Automobile,2026-02-19 07:56:16.825918
ASALCBR,Unknown,2026-02-19 07:56:16.825955
ASHAPURMIN,Unknown,2026-02-19 07:56:16.825993
ASHIANA,Unknown,2026-02-19 07:56:16.826030
ASHIMASYN,Unknown,2026-02-19 07:56:16.826068
ASHOKA,Unknown,2026-02-19 07:56:16.826105
ASHOKAMET,Unknown,2026-02-19 07:56:16.826142
ASHOKLEY,Unknown,2026-02-19 07:56:16.826180
ASIANENE,Energy,2026-02-19 07:56:16.826243
ASIANHOTNR,Unknown,2026-02-19 07:56:16.826287
ASIANPAINT,Unknown,2026-02-19 07:56:16.826326
ASIANTILES,Unknown,2026-02-19 07:56:16.826365
ASKAUTOLTD,Automobile,2026-02-19 07:56:16.826404
ASMS,Unknown,2026-02-19 07:56:16.826441
ASPINWALL,Unknown,2026-02-19 07:56:16.826480
ASTEC,Unknown,2026-02-19 07:56:16.826518
ASTERDM,Unknown,2026-02-19 07:56:16.826557
ASTRAL,Unknown,2026-02-19 07:56:16.826595
ASTRAMICRO,Unknown,2026-02-19 07:56:16.826632
ASTRAZEN,Pharma,2026-02-19 07:56:16.826669
ASTRON,Unknown,2026-02-19 07:56:16.826707
ATALREAL,IT,2026-02-19 07:56:16.826744
ATAM,Unknown,2026-02-19 07:56:16.826782
ATGL,Energy,2026-02-19 07:56:16.826821
ATHERENERG,Energy,2026-02-19 07:56:16.826858
ATL,Unknown,2026-02-19 07:56:16.826895
ATLANTAA,Unknown,2026-02-19 07:56:16.826932
ATLANTAELE,Unknown,2026-02-19 07:56:16.826970
ATLASCYCLE,Unknown,2026-02-19 07:56:16.827007
ATUL,Unknown,2026-02-19 07:56:16.827043
ATULAUTO,Automobile,2026-02-19 07:56:16.827080
AUBANK,Finance,2026-02-19 07:56:16.827116
AURIONPRO,Unknown,2026-02-19 07:56:16.827153
AUROPHARMA,Pharma,2026-02-19 07:56:16.827189
AURUM,IT,2026-02-19 07:56:16.827247
AUTOAXLES,Automobile,2026-02-19 07:56:16.827287
AUTOIND,Automobile,2026-02-19 07:56:16.827325
AVADHSUGAR,Energy,2026-02-19 07:56:16.827363
AVALON,IT,2026-02-19 07:56:16.827405
AVANTEL,Unknown,2026-02-19 07:56:16.827444
AVANTIFEED,Unknown,2026-02-19 07:56:16.827490
AVG,Unknown,2026-02-19 07:56:16.827529
AVL,Unknown,2026-02-19 07:56:16.827566
AVONMORE,Unknown,2026-02-19 07:56:16.827604
AVTNPL,Unknown,2026-02-19 07:56:16.827641
AWFIS,Unknown,2026-02-19 07:56:16.827684
AWHCL,Unknown,2026-02-19 07:56:16.827723
AWL,Unknown,2026-02-19 07:56:16.827762
AXISBANK,Finance,2026-02-19 07:56:16.827798
AXISCADES,IT,2026-02-19 07:56:16.827836
AYE,Finance,2026-02-19 07:56:16.827873
AYMSYNTEX,Unknown,2026-02-19 07:56:16.827911
AZAD,Unknown,2026-02-19 07:56:16.827949
BAGFILMS,Unknown,2026-02-19 07:56:16.827987
BAIDFIN,Unknown,2026-02-19 07:56:16.828024
BAJAJ-AUTO,Automobile,2026-02-19 07:56:16.828061
BAJAJCON,Unknown,2026-02-19 07:56:16.828099
BAJAJELEC,Unknown,2026-02-19 07:56:16.828137
BAJAJFINSV,Unknown,2026-02-19 07:56:16.828174
BAJAJHCARE,Unknown,2026-02-19 07:56:16.828229
BAJAJHFL,Finance,2026-02-19 07:56:16.828272
BAJAJHIND,Unknown,2026-02-19 07:56:16.828311
BAJAJHLDNG,Unknown,2026-02-19 07:56:16.828349
BAJAJINDEF,Unknown,2026-02-19 07:56:16.828387
BAJEL,Unknown,2026-02-19 07:56:16.828424
BAJFINANCE,Finance,2026-02-19 07:56:16.828461
BALAJEE,Unknown,2026-02-19 07:56:16.828499
BALAJITELE,Unknown,2026-02-19 07:56:16.828536
BALAMINES,Unknown,2026-02-19 07:56:16.828583
BALAXI,Pharma,2026-02-19 07:56:16.828620
BALKRISHNA,Unknown,2026-02-19 07:56:16.828658
BALKRISIND,Unknown,2026-02-19 07:56:16.828696
BALMLAWRIE,Unknown,2026-02-19 07:56:16.828741
BALPHARMA,Pharma,2026-02-19 07:56:16.828781
BALRAMCHIN,Unknown,2026-02-19 07:56:16.828820
BALUFORGE,Unknown,2026-02-19 07:56:16.828858
BANARBEADS,Unknown,2026-02-19 07:56:16.828896
BANARISUG,Unknown,2026-02-19 07:56:16.828934
BANCOINDIA,Unknown,2026-02-19 07:56:16.828972
BANDHANBNK,Finance,2026-02-19 07:56:16.829010
BANG,Unknown,2026-02-19 07:56:16.829048
BANKA,Finance,2026-02-19 07:56:16.829085
BANKBARODA,Finance,2026-02-19 07:56:16.829123
BANKINDIA,Finance,2026-02-19 07:56:16.829163
BANSALWIRE,Unknown,2026-02-19 07:56:16.829227
BANSWRAS,Unknown,2026-02-19 07:56:16.829279
BASF,Unknown,2026-02-19 07:56:16.829321
BASML,Unknown,2026-02-19 07:56:16.829362
BATAINDIA,Unknown,2026-02-19 07:56:16.829401
BAYERCROP,Unknown,2026-02-19 07:56:16.829439
BBL,Unknown,2026-02-19 07:56:16.829477
BBOX,Unknown,2026-02-19 07:56:16.829516
BBTC,Unknown,2026-02-19 07:56:16.829554
BBTCL,Unknown,2026-02-19 07:56:16.829593
BCG,Unknown,2026-02-19 07:56:16.829631
BCLIND,Unknown,2026-02-19 07:56:16.829669
BCONCEPTS,Unknown,2026-02-19 07:56:16.829707
BDL,Unknown,2026-02-19 07:56:16.829745
BEARDSELL,Unknown,2026-02-19 07:56:16.829783
BECTORFOOD,Unknown,2026-02-19 07:56:16.829821
BEDMUTHA,Unknown,2026-02-19 07:56:16.829858
BEL,Unknown,2026-02-19 07:56:16.829896
BELLACASA,Unknown,2026-02-19 07:56:16.829940
BELRISE,Unknown,2026-02-19 07:56:16.829979
BEML,Unknown,2026-02-19 07:56:16.830021
BEPL,Unknown,2026-02-19 07:56:16.830060
BERGEPAINT,Unknown,2026-02-19 07:56:16.830098
BETA,Unknown,2026-02-19 07:56:16.830134
BFINVEST,Unknown,2026-02-19 07:56:16.830172
BGRENERGY,Energy,2026-02-19 07:56:16.830227
BHAGCHEM,Unknown,2026-02-19 07:56:16.830271
BHAGERIA,Unknown,2026-02-19 07:56:16.830309
BHANDARI,Unknown,2026-02-19 07:56:16.830346
BHARATCOAL,Unknown,2026-02-19 07:56:16.830382
BHARATFORG,Unknown,2026-02-19 07:56:16.830419
BHARATGEAR,Unknown,2026-02-19 07:56:16.830456
BHARATRAS,Unknown,2026-02-19 07:56:16.830493
BHARATSE,Unknown,2026-02-19 07:56:16.830529
BHARATWIRE,Unknown,2026-02-19 07:56:16.830566
BHARTIARTL,Unknown,2026-02-19 07:56:16.830602
BHARTIHEXA,Unknown,2026-02-19 07:56:16.830639
BHEL,Unknown,2026-02-19 07:56:16.830676
BIGBLOC,Unknown,2026-02-19 07:56:16.830713
BIKAJI,Unknown,2026-02-19 07:56:16.830750
BIL,Unknown,2026-02-19 07:56:16.830787
BIOCON,Pharma,2026-02-19 07:56:16.830824
BIOFILCHEM,Pharma,2026-02-19 07:56:16.830861
BIRLACABLE,Unknown,2026-02-19 07:56:16.830898
BIRLACORPN,Unknown,2026-02-19 07:56:16.830935
BIRLAMONEY,Unknown,2026-02-19 07:56:16.830972
BIRLANU,Unknown,2026-02-19 07:56:16.831015
BLACKBUCK,Unknown,2026-02-19 07:56:16.831054
BLAL,Unknown,2026-02-19 07:56:16.831091
BLBLIMITED,Unknown,2026-02-19 07:56:16.831128
BLISSGVS,Pharma,2026-02-19 07:56:16.831165
BLKASHYAP,Unknown,2026-02-19 07:56:16.831224
BLS,Unknown,2026-02-19 07:56:16.831269
BLSE,Unknown,2026-02-19 07:56:16.831308
BLUECHIP,Unknown,2026-02-19 07:56:16.831346
BLUECOAST,Unknown,2026-02-19 07:56:16.831384
BLUEDART,Unknown,2026-02-19 07:56:16.831421
BLUEJET,Unknown,2026-02-19 07:56:16.831459
BLUESTARCO,Unknown,2026-02-19 07:56:16.831497
BLUESTONE,Unknown,2026-02-19 07:56:16.831535
BLUSPRING,Unknown,2026-02-19 07:56:16.831572
BMWVENTLTD,Unknown,2026-02-19 07:56:16.831610
BODALCHEM,Unknown,2026-02-19 07:56:16.831647
BOMDYEING,Unknown,2026-02-19 07:56:16.831684
BOROLTD,Unknown,2026-02-19 07:56:16.831721
BORORENEW,Unknown,2026-02-19 07:56:16.831760
BOROSCI,Unknown,2026-02-19 07:56:16.831798
BOSCH-HCIL,Unknown,2026-02-19 07:56:16.831835
BOSCHLTD,Unknown,2026-02-19 07:56:16.831873
BPCL,Unknown,2026-02-19 07:56:16.831911
BPL,Unknown,2026-02-19 07:56:16.831949
BRIGADE,Unknown,2026-02-19 07:56:16.831986
BRIGHOTEL,Unknown,2026-02-19 07:56:16.832023
BRITANNIA,Unknown,2026-02-19 07:56:16.832061
BRNL,Unknown,2026-02-19 07:56:16.832098
BROOKS,Unknown,2026-02-19 07:56:16.832135
BSE,Unknown,2026-02-19 07:56:16.832173
BSHSL,Unknown,2026-02-19 07:56:16.832229
BSL,Unknown,2026-02-19 07:56:16.832272
BSOFT,Unknown,2026-02-19 07:56:16.832309
BTML,Unknown,2026-02-19 07:56:16.832347
BUILDPRO,Unknown,2026-02-19 07:56:16.832384
BUTTERFLY,Unknown,2026-02-19 07:56:16.832428
BVCL,Cement,2026-02-19 07:56:16.832472
BYKE,Unknown,2026-02-19 07:56:16.832511
CALSOFT,IT,2026-02-19 07:56:16.832550
CAMLINFINE,Unknown,2026-02-19 07:56:16.832598
CAMPUS,Unknown,2026-02-19 07:56:16.832635
CAMS,Unknown,2026-02-19 07:56:16.832673
CANBK,Finance,2026-02-19 07:56:16.832710
CANFINHOME,Unknown,2026-02-19 07:56:16.832748
CANHLIFE,Finance,2026-02-19 07:56:16.832785
CANTABIL,Unknown,2026-02-19 07:56:16.832823
CAPACITE,Unknown,2026-02-19 07:56:16.832860
CAPILLARY,IT,2026-02-19 07:56:16.832898
CAPITALSFB,Finance,2026-02-19 07:56:16.832935
CAPLIPOINT,Unknown,2026-02-19 07:56:16.832973
CAPTRUST,Unknown,2026-02-19 07:56:16.833010
CARBORUNIV,Unknown,2026-02-19 07:56:16.833048
CARERATING,Unknown,2026-02-19 07:56:16.833084
CARRARO,Unknown,2026-02-19 07:56:16.833122
CARTRADE,IT,2026-02-19 07:56:16.833158
CARYSIL,Unknown,2026-02-19 07:56:16.833195
CASTROLIND,Unknown,2026-02-19 07:56:16.833255
CCAVENUE,Unknown,2026-02-19 07:56:16.833296
CCCL,Unknown,2026-02-19 07:56:16.833336
CCHHL,Unknown,2026-02-19 07:56:16.833374
CCL,Unknown,2026-02-19 07:56:16.833411
CDSL,Unknown,2026-02-19 07:56:16.833449
CEATLTD,Unknown,2026-02-19 07:56:16.833486
CEIGALL,Unknown,2026-02-19 07:56:16.833523
CEINSYS,IT,2026-02-19 07:56:16.833560
CELEBRITY,Unknown,2026-02-19 07:56:16.833597
CELLO,Unknown,2026-02-19 07:56:16.833634
CEMPRO,Unknown,2026-02-19 07:56:16.833672
CENTENKA,Unknown,2026-02-19 07:56:16.833714
CENTEXT,Unknown,2026-02-19 07:56:16.833753
CENTRALBK,Finance,2026-02-19 07:56:16.833790
CENTRUM,Unknown,2026-02-19 07:56:16.833827
CENTUM,Unknown,2026-02-19 07:56:16.833864
CENTURYPLY,Unknown,2026-02-19 07:56:16.833901
CERA,Unknown,2026-02-19 07:56:16.833938
CESC,Unknown,2026-02-19 07:56:16.833974
CEWATER,Unknown,2026-02-19 07:56:16.834012
CGCL,Unknown,2026-02-19 07:56:16.834049
CGPOWER,Energy,2026-02-19 07:56:16.834097
CHALET,Unknown,2026-02-19 07:56:16.834134
CHAMBLFERT,Unknown,2026-02-19 07:56:16.834171
CHEMBOND,IT,2026-02-19 07:56:16.834224
CHEMBONDCH,Unknown,2026-02-19 07:56:16.834268
CHEMCON,Unknown,2026-02-19 07:56:16.834306
CHEMFAB,Unknown,2026-02-19 07:56:16.834343
CHEMPLASTS,Unknown,2026-02-19 07:56:16.834380
CHENNPETRO,Unknown,2026-02-19 07:56:16.834422
CHEVIOT,Unknown,2026-02-19 07:56:16.834468
CHOICEIN,Unknown,2026-02-19 07:56:16.834508
CHOLAFIN,Finance,2026-02-19 07:56:16.834546
CHOLAHLDNG,Unknown,2026-02-19 07:56:16.834583
CIEINDIA,Automobile,2026-02-19 07:56:16.834621
CIFL,Finance,2026-02-19 07:56:16.834658
CIGNITITEC,IT,2026-02-19 07:56:16.834696
CINELINE,Unknown,2026-02-19 07:56:16.834734
CINEVISTA,Unknown,2026-02-19 07:56:16.834772
CIPLA,Unknown,2026-02-19 07:56:16.834810
CLEAN,IT,2026-02-19 07:56:16.834851
CLEDUCATE,Unknown,2026-02-19 07:56:16.834903
CLSEL,Unknown,2026-02-19 07:56:16.834942
CMSINFO,Unknown,2026-02-19 07:56:16.834985
CNL,IT,2026-02-19 07:56:16.835023
COALINDIA,Unknown,2026-02-19 07:56:16.835061
COCHINSHIP,Unknown,2026-02-19 07:56:16.835099
COFFEEDAY,Unknown,2026-02-19 07:56:16.835148
COFORGE,Unknown,2026-02-19 07:56:16.835186
COHANCE,Unknown,2026-02-19 07:56:16.835244
COLPAL,Unknown,2026-02-19 07:56:16.835286
COMPUSOFT,IT,2026-02-19 07:56:16.835324
COMSYN,Unknown,2026-02-19 07:56:16.835361
CONCOR,Unknown,2026-02-19 07:56:16.835399
CONCORDBIO,IT,2026-02-19 07:56:16.835435
CONFIPET,Unknown,2026-02-19 07:56:16.835473
CONSOFINVT,Unknown,2026-02-19 07:56:16.835510
CONTROLPR,Unknown,2026-02-19 07:56:16.835547
CORALFINAC,Finance,2026-02-19 07:56:16.835584
CORDSCABLE,Unknown,2026-02-19 07:56:16.835621
COROMANDEL,Unknown,2026-02-19 07:56:16.835659
CORONA,Unknown,2026-02-19 07:56:16.835697
COSMOFIRST,Unknown,2026-02-19 07:56:16.835735
COUNCODOS,Unknown,2026-02-19 07:56:16.835772
CPCAP,Unknown,2026-02-19 07:56:16.835809
CPEDU,IT,2026-02-19 07:56:16.835846
CPPLUS,IT,2026-02-19 07:56:16.835883
CRAFTSMAN,Automobile,2026-02-19 07:56:16.835920
CRAMC,Unknown,2026-02-19 07:56:16.835957
CREATIVEYE,Unknown,2026-02-19 07:56:16.835995
CREDITACC,Unknown,2026-02-19 07:56:16.836033
CREST,Unknown,2026-02-19 07:56:16.836070
CRISIL,Unknown,2026-02-19 07:56:16.836108
CRIZAC,Unknown,2026-02-19 07:56:16.836145
CROMPTON,Unknown,2026-02-19 07:56:16.836189
CROWN,Unknown,2026-02-19 07:56:16.836249
CSBBANK,Finance,2026-02-19 07:56:16.836289
CSLFINANCE,Finance,2026-02-19 07:56:16.836328
CTE,IT,2026-02-19 07:56:16.836365
CUB,Finance,2026-02-19 07:56:16.836402
CUBEXTUB,Unknown,2026-02-19 07:56:16.836439
CUMMINSIND,Unknown,2026-02-19 07:56:16.836476
CUPID,Unknown,2026-02-19 07:56:16.836513
CYBERMEDIA,Unknown,2026-02-19 07:56:16.836550
CYBERTECH,IT,2026-02-19 07:56:16.836587
CYIENT,Unknown,2026-02-19 07:56:16.836624
CYIENTDLM,Unknown,2026-02-19 07:56:16.836661
DABUR,Unknown,2026-02-19 07:56:16.836698
DALBHARAT,Unknown,2026-02-19 07:56:16.836735
DALMIASUG,Unknown,2026-02-19 07:56:16.836779
DAMCAPITAL,Unknown,2026-02-19 07:56:16.836821
DAMODARIND,Unknown,2026-02-19 07:56:16.836858
DANGEE,Unknown,2026-02-19 07:56:16.836896
DATAMATICS,Unknown,2026-02-19 07:56:16.836933
DATAPATTNS,Unknown,2026-02-19 07:56:16.836971
DAVANGERE,Unknown,2026-02-19 07:56:16.837009
DBCORP,Unknown,2026-02-19 07:56:16.837046
DBEIL,Unknown,2026-02-19 07:56:16.837084
DBL,Unknown,2026-02-19 07:56:16.837122
DBOL,Pharma,2026-02-19 07:56:16.837160
DBREALTY,Unknown,2026-02-19 07:56:16.837197
DBSTOCKBRO,Unknown,2026-02-19 07:56:16.837273
DCAL,Unknown,2026-02-19 07:56:16.837314
DCBBANK,Finance,2026-02-19 07:56:16.837351
DCI,IT,2026-02-19 07:56:16.837395
DCM,Unknown,2026-02-19 07:56:16.837435
DCMFINSERV,Unknown,2026-02-19 07:56:16.837481
DCMNVL,Unknown,2026-02-19 07:56:16.837521
DCMSHRIRAM,Unknown,2026-02-19 07:56:16.837559
DCMSRIND,Unknown,2026-02-19 07:56:16.837596
DCW,Unknown,2026-02-19 07:56:16.837634
DCXINDIA,Unknown,2026-02-19 07:56:16.837671
DDEVPLSTIK,Unknown,2026-02-19 07:56:16.837713
DECCANCE,Cement,2026-02-19 07:56:16.837752
DEEDEV,Unknown,2026-02-19 07:56:16.837790
DEEPAKFERT,Unknown,2026-02-19 07:56:16.837828
DEEPAKNTR,Unknown,2026-02-19 07:56:16.837865
DEEPINDS,Unknown,2026-02-19 07:56:16.837903
DELHIVERY,Unknown,2026-02-19 07:56:16.837940
DELPHIFX,Unknown,2026-02-19 07:56:16.837977
DELTACORP,Unknown,2026-02-19 07:56:16.838014
DELTAMAGNT,Unknown,2026-02-19 07:56:16.838050
DEN,Unknown,2026-02-19 07:56:16.838087
DENORA,Unknown,2026-02-19 07:56:16.838125
DENTA,Unknown,2026-02-19 07:56:16.838163
DEVIT,IT,2026-02-19 07:56:16.838215
DEVX,Unknown,2026-02-19 07:56:16.838260
DEVYANI,Unknown,2026-02-19 07:56:16.838300
DGCONTENT,Unknown,2026-02-19 07:56:16.838338
DHAMPURSUG,Unknown,2026-02-19 07:56:16.838376
DHANBANK,Finance,2026-02-19 07:56:16.838412
DHANUKA,IT,2026-02-19 07:56:16.838449
DHARMAJ,Unknown,2026-02-19 07:56:16.838486
DHRUV,Unknown,2026-02-19 07:56:16.838523
DHUNINV,Unknown,2026-02-19 07:56:16.838562
DIACABS,Energy,2026-02-19 07:56:16.838599
DIAMINESQ,Unknown,2026-02-19 07:56:16.838635
DIAMONDYD,Unknown,2026-02-19 07:56:16.838672
DICIND,Unknown,2026-02-19 07:56:16.838726
DIFFNKG,Unknown,2026-02-19 07:56:16.838767
DIGIDRIVE,Unknown,2026-02-19 07:56:16.838806
DIGISPICE,IT,2026-02-19 07:56:16.838844
DIGITIDE,Unknown,2026-02-19 07:56:16.838881
DIGJAMLMTD,Unknown,2026-02-19 07:56:16.838919
DISHTV,Unknown,2026-02-19 07:56:16.838956
DIVGIITTS,Unknown,2026-02-19 07:56:16.838993
DIVISLAB,Unknown,2026-02-19 07:56:16.839042
DIXON,IT,2026-02-19 07:56:16.839078
DLF,Unknown,2026-02-19 07:56:16.839115
DLINKINDIA,Unknown,2026-02-19 07:56:16.839153
DMART,Unknown,2026-02-19 07:56:16.839194
DMCC,Unknown,2026-02-19 07:56:16.839271
DNAMEDIA,Unknown,2026-02-19 07:56:16.839314
DODLA,Unknown,2026-02-19 07:56:16.839352
DOLATALGO,IT,2026-02-19 07:56:16.839390
DOLLAR,Unknown,2026-02-19 07:56:16.839428
DOLPHIN,Unknown,2026-02-19 07:56:16.839466
DOMS,Unknown,2026-02-19 07:56:16.839503
DONEAR,Unknown,2026-02-19 07:56:16.839540
DPABHUSHAN,Unknown,2026-02-19 07:56:16.839577
DPSCLTD,Unknown,2026-02-19 07:56:16.839614
DPWIRES,Unknown,2026-02-19 07:56:16.839652
DRCSYSTEMS,Unknown,2026-02-19 07:56:16.839702
DREAMFOLKS,Unknown,2026-02-19 07:56:16.839739
DREDGECORP,Unknown,2026-02-19 07:56:16.839775
DRREDDY,Unknown,2026-02-19 07:56:16.839812
DSSL,Unknown,2026-02-19 07:56:16.839849
DTIL,Unknown,2026-02-19 07:56:16.839886
DUCON,IT,2026-02-19 07:56:16.839922
DVL,Unknown,2026-02-19 07:56:16.839967
DWARKESH,Unknown,2026-02-19 07:56:16.840010
DYCL,Unknown,2026-02-19 07:56:16.840049
DYNAMATECH,IT,2026-02-19 07:56:16.840086
DYNPRO,Unknown,2026-02-19 07:56:16.840123
E2E,Unknown,2026-02-19 07:56:16.840160
EASEMYTRIP,Unknown,2026-02-19 07:56:16.840197
EBGNG,Unknown,2026-02-19 07:56:16.840263
ECLERX,Unknown,2026-02-19 07:56:16.840302
ECOSMOBLTY,Unknown,2026-02-19 07:56:16.840339
EDELWEISS,Unknown,2026-02-19 07:56:16.840377
EFCIL,Unknown,2026-02-19 07:56:16.840414
EICHERMOT,Unknown,2026-02-19 07:56:16.840451
EIDPARRY,Unknown,2026-02-19 07:56:16.840488
EIEL,Unknown,2026-02-19 07:56:16.840525
EIFFL,Unknown,2026-02-19 07:56:16.840562
EIHAHOTELS,Unknown,2026-02-19 07:56:16.840599
EIHOTEL,Unknown,2026-02-19 07:56:16.840636
EIMCOELECO,Unknown,2026-02-19 07:56:16.840673
EKC,Unknown,2026-02-19 07:56:16.840710
ELDEHSG,Unknown,2026-02-19 07:56:16.840748
ELECON,Unknown,2026-02-19 07:56:16.840795
ELECTCAST,Metals,2026-02-19 07:56:16.840833
ELECTHERM,Unknown,2026-02-19 07:56:16.840870
ELGIEQUIP,Unknown,2026-02-19 07:56:16.840907
ELGIRUBCO,Unknown,2026-02-19 07:56:16.840944
ELIN,Unknown,2026-02-19 07:56:16.840982
ELLEN,Energy,2026-02-19 07:56:16.841019
EMAMILTD,Unknown,2026-02-19 07:56:16.841061
EMAMIPAP,Unknown,2026-02-19 07:56:16.841100
EMAMIREAL,Unknown,2026-02-19 07:56:16.841137
EMCURE,Pharma,2026-02-19 07:56:16.841175
EMIL,Unknown,2026-02-19 07:56:16.841235
EMKAY,Unknown,2026-02-19 07:56:16.841279
EMMBI,Unknown,2026-02-19 07:56:16.841318
EMMVEE,Energy,2026-02-19 07:56:16.841355
EMSLIMITED,Unknown,2026-02-19 07:56:16.841392
EMUDHRA,Unknown,2026-02-19 07:56:16.841429
ENDURANCE,IT,2026-02-19 07:56:16.841466
ENGINERSIN,Unknown,2026-02-19 07:56:16.841503
ENIL,Unknown,2026-02-19 07:56:16.841541
ENRIN,Energy,2026-02-19 07:56:16.841578
ENTERO,Unknown,2026-02-19 07:56:16.841615
EPACK,Unknown,2026-02-19 07:56:16.841653
EPACKPEB,IT,2026-02-19 07:56:16.841690
EPIGRAL,Unknown,2026-02-19 07:56:16.841727
EPL,Unknown,2026-02-19 07:56:16.841764
EQUITASBNK,Finance,2026-02-19 07:56:16.841800
ERIS,Unknown,2026-02-19 07:56:16.841837
ESABINDIA,Unknown,2026-02-19 07:56:16.841874
ESAFSFB,Finance,2026-02-19 07:56:16.841910
ESCORTS,Unknown,2026-02-19 07:56:16.841947
ESSARSHPNG,Unknown,2026-02-19 07:56:16.841984
ESSENTIA,Unknown,2026-02-19 07:56:16.842021
ESTER,Unknown,2026-02-19 07:56:16.842057
ETERNAL,Unknown,2026-02-19 07:56:16.842094
ETHOSLTD,Unknown,2026-02-19 07:56:16.842131
EUREKAFORB,Unknown,2026-02-19 07:56:16.842168
EUROBOND,Unknown,2026-02-19 07:56:16.842220
EUROPRATIK,Unknown,2026-02-19 07:56:16.842265
EVEREADY,Unknown,2026-02-19 07:56:16.842305
EVERESTIND,Unknown,2026-02-19 07:56:16.842343
EXCEL,Unknown,2026-02-19 07:56:16.842380
EXCELINDUS,Unknown,2026-02-19 07:56:16.842417
EXCELSOFT,IT,2026-02-19 07:56:16.842461
EXICOM,Unknown,2026-02-19 07:56:16.842501
EXIDEIND,Unknown,2026-02-19 07:56:16.842539
EXPLEOSOL,Unknown,2026-02-19 07:56:16.842577
FABTECH,IT,2026-02-19 07:56:16.842626
FACT,Unknown,2026-02-19 07:56:16.842663
FAIRCHEMOR,Unknown,2026-02-19 07:56:16.842701
FAZE3Q,Unknown,2026-02-19 07:56:16.842739
FCL,Unknown,2026-02-19 07:56:16.842777
FCSSOFT,IT,2026-02-19 07:56:16.842813
FDC,Unknown,2026-02-19 07:56:16.842850
FEDERALBNK,Finance,2026-02-19 07:56:16.842886
FEDFINA,Finance,2026-02-19 07:56:16.842922
FIBERWEB,Unknown,2026-02-19 07:56:16.842958
FIEMIND,Unknown,2026-02-19 07:56:16.842995
FILATEX,Unknown,2026-02-19 07:56:16.843032
FILATFASH,Unknown,2026-02-19 07:56:16.843068
FINCABLES,Unknown,2026-02-19 07:56:16.843105
FINEORG,Unknown,2026-02-19 07:56:16.843141
FINKURVE,Unknown,2026-02-19 07:56:16.843178
FINOPB,Finance,2026-02-19 07:56:16.843233
FINPIPE,Unknown,2026-02-19 07:56:16.843275
FIRSTCRY,Unknown,2026-02-19 07:56:16.843313
FISCHER,Unknown,2026-02-19 07:56:16.843351
FIVESTAR,Finance,2026-02-19 07:56:16.843388
FLAIR,Unknown,2026-02-19 07:56:16.843425
FLEXITUFF,Unknown,2026-02-19 07:56:16.843462
FLUOROCHEM,Unknown,2026-02-19 07:56:16.843499
FMGOETZE,Unknown,2026-02-19 07:56:16.843535
FMNL,Unknown,2026-02-19 07:56:16.843571
FOCUS,Unknown,2026-02-19 07:56:16.843608
FOODSIN,Unknown,2026-02-19 07:56:16.843645
FORCEMOT,Unknown,2026-02-19 07:56:16.843688
FORTIS,Unknown,2026-02-19 07:56:16.843728
FOSECOIND,Unknown,2026-02-19 07:56:16.843766
FRACTAL,Unknown,2026-02-19 07:56:16.843805
FSL,Unknown,2026-02-19 07:56:16.843842
FUSION,Finance,2026-02-19 07:56:16.843879
GABRIEL,Unknown,2026-02-19 07:56:16.843917
GAEL,Unknown,2026-02-19 07:56:16.843955
GAIL,Unknown,2026-02-19 07:56:16.843993
GALAPREC,Unknown,2026-02-19 07:56:16.844031
GALAXYSURF,Unknown,2026-02-19 07:56:16.844069
GALLANTT,Unknown,2026-02-19 07:56:16.844107
GANDHAR,Energy,2026-02-19 07:56:16.844145
GANDHITUBE,Unknown,2026-02-19 07:56:16.844183
GANECOS,Unknown,2026-02-19 07:56:16.844242
GANESHBE,Unknown,2026-02-19 07:56:16.844284
GANESHCP,Unknown,2026-02-19 07:56:16.844323
GANESHHOU,Unknown,2026-02-19 07:56:16.844367
GANGAFORGE,Unknown,2026-02-19 07:56:16.844406
GANGESSECU,Unknown,2026-02-19 07:56:16.844451
GARFIBRES,IT,2026-02-19 07:56:16.844488
GARUDA,Unknown,2026-02-19 07:56:16.844527
GATECH,IT,2026-02-19 07:56:16.844575
GATECHDVR,IT,2026-02-19 07:56:16.844611
GATEWAY,Unknown,2026-02-19 07:56:16.844648
GAYAHWS,Unknown,2026-02-19 07:56:16.844686
GEECEE,Unknown,2026-02-19 07:56:16.844723
GEEKAYWIRE,Unknown,2026-02-19 07:56:16.844761
GEMAROMA,Unknown,2026-02-19 07:56:16.844798
GENCON,Unknown,2026-02-19 07:56:16.844837
GENESYS,Unknown,2026-02-19 07:56:16.844875
GENUSPAPER,Unknown,2026-02-19 07:56:16.844919
GEOJITFSL,Unknown,2026-02-19 07:56:16.844963
GESHIP,Unknown,2026-02-19 07:56:16.845002
GFLLIMITED,Unknown,2026-02-19 07:56:16.845041
GHCL,Unknown,2026-02-19 07:56:16.845081
GHCLTEXTIL,Unknown,2026-02-19 07:56:16.845120
GICHSGFIN,Finance,2026-02-19 07:56:16.845174
GICRE,Finance,2026-02-19 07:56:16.845234
GILLANDERS,Unknown,2026-02-19 07:56:16.845278
GILLETTE,Unknown,2026-02-19 07:56:16.845317
GINNIFILA,Unknown,2026-02-19 07:56:16.845355
GIPCL,Energy,2026-02-19 07:56:16.845393
GKENERGY,Energy,2026-02-19 07:56:16.845431
GKSL,Unknown,2026-02-19 07:56:16.845469
GKWLIMITED,Unknown,2026-02-19 07:56:16.845507
GLAND,Pharma,2026-02-19 07:56:16.845544
GLAXO,Pharma,2026-02-19 07:56:16.845582
GLENMARK,Pharma,2026-02-19 07:56:16.845619
GLFL,Unknown,2026-02-19 07:56:16.845656
GLOBALE,Unknown,2026-02-19 07:56:16.845694
GLOBALVECT,Unknown,2026-02-19 07:56:16.845732
GLOBE,Unknown,2026-02-19 07:56:16.845771
GLOBECIVIL,Unknown,2026-02-19 07:56:16.845809
GLOBUSSPR,Unknown,2026-02-19 07:56:16.845846
GLOSTERLTD,Unknown,2026-02-19 07:56:16.845883
GLOTTIS,Unknown,2026-02-19 07:56:16.845921
GMBREW,Unknown,2026-02-19 07:56:16.845957
GMDCLTD,Unknown,2026-02-19 07:56:16.845995
GMMPFAUDLR,Unknown,2026-02-19 07:56:16.846032
GMRAIRPORT,Unknown,2026-02-19 07:56:16.846069
GMRP&UI,Energy,2026-02-19 07:56:16.846106
GNA,Unknown,2026-02-19 07:56:16.846144
GNFC,Unknown,2026-02-19 07:56:16.846187
GOACARBON,Unknown,2026-02-19 07:56:16.846248
GOCLCORP,Unknown,2026-02-19 07:56:16.846289
GOCOLORS,Unknown,2026-02-19 07:56:16.846327
GODAVARIB,Pharma,2026-02-19 07:56:16.846365
GODFRYPHLP,Unknown,2026-02-19 07:56:16.846403
GODIGIT,Finance,2026-02-19 07:56:16.846440
GODREJAGRO,Unknown,2026-02-19 07:56:16.846477
GODREJCP,Unknown,2026-02-19 07:56:16.846515
GODREJIND,Unknown,2026-02-19 07:56:16.846553
GODREJPROP,Unknown,2026-02-19 07:56:16.846591
GOKEX,Unknown,2026-02-19 07:56:16.846628
GOKUL,Energy,2026-02-19 07:56:16.846666
GOKULAGRO,Unknown,2026-02-19 07:56:16.846703
GOLDIAM,Unknown,2026-02-19 07:56:16.846740
GOLDTECH,IT,2026-02-19 07:56:16.846776
GOODLUCK,Unknown,2026-02-19 07:56:16.846813
GOPAL,Unknown,2026-02-19 07:56:16.846850
GPIL,Energy,2026-02-19 07:56:16.846886
GPPL,Unknown,2026-02-19 07:56:16.846924
GPTHEALTH,Unknown,2026-02-19 07:56:16.846961
GPTINFRA,Unknown,2026-02-19 07:56:16.846998
GRANULES,Unknown,2026-02-19 07:56:16.847036
GRAPHITE,Unknown,2026-02-19 07:56:16.847073
GRASIM,Unknown,2026-02-19 07:56:16.847110
GRAVITA,Unknown,2026-02-19 07:56:16.847147
GREAVESCOT,Unknown,2026-02-19 07:56:16.847184
GREENLAM,Unknown,2026-02-19 07:56:16.847240
GREENPANEL,Unknown,2026-02-19 07:56:16.847282
GREENPLY,Unknown,2026-02-19 07:56:16.847319
GREENPOWER,Energy,2026-02-19 07:56:16.847356
GRINDWELL,Unknown,2026-02-19 07:56:16.847394
GRINFRA,Unknown,2026-02-19 07:56:16.847441
GRMOVER,Unknown,2026-02-19 07:56:16.847480
GROBTEA,Unknown,2026-02-19 07:56:16.847517
GROWW,Unknown,2026-02-19 07:56:16.847555
GRPLTD,Unknown,2026-02-19 07:56:16.847592
GRSE,Unknown,2026-02-19 07:56:16.847629
GRWRHITECH,IT,2026-02-19 07:56:16.847666
GSFC,Unknown,2026-02-19 07:56:16.847705
GSPL,Unknown,2026-02-19 07:56:16.847743
GSS,IT,2026-02-19 07:56:16.847779
GTECJAINX,Unknown,2026-02-19 07:56:16.847823
GTL,Unknown,2026-02-19 07:56:16.847862
GTLINFRA,Unknown,2026-02-19 07:56:16.847899
GTPL,Unknown,2026-02-19 07:56:16.847936
GUFICBIO,Pharma,2026-02-19 07:56:16.847973
GUJALKALI,Unknown,2026-02-19 07:56:16.848010
GUJAPOLLO,Unknown,2026-02-19 07:56:16.848047
GUJGASLTD,Energy,2026-02-19 07:56:16.848084
GUJTHEM,Pharma,2026-02-19 07:56:16.848121
GULFOILLUB,Energy,2026-02-19 07:56:16.848157
GULFPETRO,Unknown,2026-02-19 07:56:16.848194
GULPOLY,Unknown,2026-02-19 07:56:16.848252
GVPIL,Energy,2026-02-19 07:56:16.848291
GVPTECH,IT,2026-02-19 07:56:16.848329
GVT&D,Unknown,2026-02-19 07:56:16.848366
HAL,Unknown,2026-02-19 07:56:16.848405
HAPPSTMNDS,IT,2026-02-19 07:56:16.848442
HAPPYFORGE,Unknown,2026-02-19 07:56:16.848480
HARIOMPIPE,Unknown,2026-02-19 07:56:16.848517
HARRMALAYA,Unknown,2026-02-19 07:56:16.848555
HARSHA,Unknown,2026-02-19 07:56:16.848592
HATHWAY,Unknown,2026-02-19 07:56:16.848629
HATSUN,Unknown,2026-02-19 07:56:16.848673
HAVELLS,Unknown,2026-02-19 07:56:16.848712
HAVISHA,Unknown,2026-02-19 07:56:16.848750
HBLENGINE,Unknown,2026-02-19 07:56:16.848787
HCC,Unknown,2026-02-19 07:56:16.848825
HCG,Unknown,2026-02-19 07:56:16.848862
HCL-INSYS,Unknown,2026-02-19 07:56:16.848899
HCLTECH,IT,2026-02-19 07:56:16.848936
HDBFS,Unknown,2026-02-19 07:56:16.848973
HDFCAMC,Unknown,2026-02-19 07:56:16.849011
HDFCBANK,Finance,2026-02-19 07:56:16.849047
HDFCLIFE,Finance,2026-02-19 07:56:16.849084
HEADSUP,Unknown,2026-02-19 07:56:16.849120
HECPROJECT,Unknown,2026-02-19 07:56:16.849157
HEG,Unknown,2026-02-19 07:56:16.849194
HEIDELBERG,Cement,2026-02-19 07:56:16.849253
HEMIPROP,Unknown,2026-02-19 07:56:16.849293
HERANBA,Unknown,2026-02-19 07:56:16.849331
HERITGFOOD,Unknown,2026-02-19 07:56:16.849369
HEROMOTOCO,Unknown,2026-02-19 07:56:16.849406
HESTERBIO,Pharma,2026-02-19 07:56:16.849443
HEXATRADEX,Unknown,2026-02-19 07:56:16.849480
HEXT,IT,2026-02-19 07:56:16.849516
HFCL,Unknown,2026-02-19 07:56:16.849553
HGINFRA,Unknown,2026-02-19 07:56:16.849591
HGM,Unknown,2026-02-19 07:56:16.849628
HGS,Unknown,2026-02-19 07:56:16.849666
HIKAL,Unknown,2026-02-19 07:56:16.849702
HILINFRA,Unknown,2026-02-19 07:56:16.849739
HILTON,Metals,2026-02-19 07:56:16.849776
HIMATSEIDE,Unknown,2026-02-19 07:56:16.849824
HINDALCO,Unknown,2026-02-19 07:56:16.849862
HINDCOMPOS,Unknown,2026-02-19 07:56:16.849907
HINDCON,Unknown,2026-02-19 07:56:16.849946
HINDCOPPER,Unknown,2026-02-19 07:56:16.849983
HINDOILEXP,Energy,2026-02-19 07:56:16.850021
HINDPETRO,Unknown,2026-02-19 07:56:16.850059
HINDUNILVR,Unknown,2026-02-19 07:56:16.850096
HINDWAREAP,Unknown,2026-02-19 07:56:16.850134
HINDZINC,Unknown,2026-02-19 07:56:16.850171
HIRECT,Unknown,2026-02-19 07:56:16.850225
HISARMETAL,Metals,2026-02-19 07:56:16.850268
HITECH,IT,2026-02-19 07:56:16.850305
HITECHCORP,IT,2026-02-19 07:56:16.850342
HLEGLAS,Unknown,2026-02-19 07:56:16.850380
HLVLTD,Unknown,2026-02-19 07:56:16.850417
HMAAGRO,Unknown,2026-02-19 07:56:16.850455
HMVL,Unknown,2026-02-19 07:56:16.850492
HNDFDS,Unknown,2026-02-19 07:56:16.850529
HOMEFIRST,Finance,2026-02-19 07:56:16.850565
HONASA,Unknown,2026-02-19 07:56:16.850602
HONAUT,Automobile,2026-02-19 07:56:16.850638
HONDAPOWER,Energy,2026-02-19 07:56:16.850675
HPAL,Unknown,2026-02-19 07:56:16.850712
HPIL,Unknown,2026-02-19 07:56:16.850749
HPL,Energy,2026-02-19 07:56:16.850787
HSCL,Unknown,2026-02-19 07:56:16.850823
HTMEDIA,Unknown,2026-02-19 07:56:16.850860
HUBTOWN,Unknown,2026-02-19 07:56:16.850896
HUDCO,Unknown,2026-02-19 07:56:16.850934
HUHTAMAKI,Unknown,2026-02-19 07:56:16.850976
HYBRIDFIN,Unknown,2026-02-19 07:56:16.851016
HYUNDAI,Unknown,2026-02-19 07:56:16.851052
IBULLSLTD,Unknown,2026-02-19 07:56:16.851094
ICDSLTD,Unknown,2026-02-19 07:56:16.851146
ICEMAKE,Unknown,2026-02-19 07:56:16.851183
ICICIAMC,Unknown,2026-02-19 07:56:16.851239
ICICIBANK,Finance,2026-02-19 07:56:16.851279
ICICIGI,Finance,2026-02-19 07:56:16.851316
ICICIPRULI,Finance,2026-02-19 07:56:16.851352
ICIL,Unknown,2026-02-19 07:56:16.851389
ICRA,Unknown,2026-02-19 07:56:16.851426
IDBI,Finance,2026-02-19 07:56:16.851462
IDEA,Unknown,2026-02-19 07:56:16.851500
IDEAFORGE,IT,2026-02-19 07:56:16.851536
IDFCFIRSTB,Finance,2026-02-19 07:56:16.851573
IEX,Energy,2026-02-19 07:56:16.851610
IFBAGRO,Unknown,2026-02-19 07:56:16.851647
IFBIND,Unknown,2026-02-19 07:56:16.851692
IFCI,Unknown,2026-02-19 07:56:16.851728
IFGLEXPOR,Unknown,2026-02-19 07:56:16.851765
IGARASHI,Unknown,2026-02-19 07:56:16.851814
IGCL,Unknown,2026-02-19 07:56:16.851850
IGIL,Unknown,2026-02-19 07:56:16.851888
IGL,Energy,2026-02-19 07:56:16.851925
IGPL,Unknown,2026-02-19 07:56:16.851962
IIFL,Finance,2026-02-19 07:56:16.851998
IIFLCAPS,Unknown,2026-02-19 07:56:16.852047
IITL,Unknown,2026-02-19 07:56:16.852095
IKIO,IT,2026-02-19 07:56:16.852131
IKS,Unknown,2026-02-19 07:56:16.852168
IMAGICAA,Unknown,2026-02-19 07:56:16.852222
IMFA,Metals,2026-02-19 07:56:16.852266
IMPAL,Unknown,2026-02-19 07:56:16.852305
INCREDIBLE,Unknown,2026-02-19 07:56:16.852357
INDBANK,Finance,2026-02-19 07:56:16.852400
INDGN,Unknown,2026-02-19 07:56:16.852444
INDHOTEL,Unknown,2026-02-19 07:56:16.852483
INDIACEM,Cement,2026-02-19 07:56:16.852521
INDIAGLYCO,Unknown,2026-02-19 07:56:16.852559
INDIAMART,Unknown,2026-02-19 07:56:16.852598
INDIANB,Finance,2026-02-19 07:56:16.852642
INDIANCARD,Unknown,2026-02-19 07:56:16.852680
INDIANHUME,Unknown,2026-02-19 07:56:16.852717
INDIASHLTR,Finance,2026-02-19 07:56:16.852753
INDIGO,Unknown,2026-02-19 07:56:16.852789
INDIGOPNTS,Unknown,2026-02-19 07:56:16.852826
INDIQUBE,Unknown,2026-02-19 07:56:16.852863
INDNIPPON,Unknown,2026-02-19 07:56:16.852900
INDOAMIN,Unknown,2026-02-19 07:56:16.852937
INDOBORAX,Unknown,2026-02-19 07:56:16.852974
INDOCO,Unknown,2026-02-19 07:56:16.853012
INDOFARM,Unknown,2026-02-19 07:56:16.853053
INDORAMA,Unknown,2026-02-19 07:56:16.853093
INDOSTAR,Finance,2026-02-19 07:56:16.853130
INDOTECH,IT,2026-02-19 07:56:16.853166
INDOTHAI,Unknown,2026-02-19 07:56:16.853218
INDOUS,IT,2026-02-19 07:56:16.853262
INDOWIND,Energy,2026-02-19 07:56:16.853301
INDRAMEDCO,Unknown,2026-02-19 07:56:16.853339
INDSWFTLAB,Unknown,2026-02-19 07:56:16.853377
INDTERRAIN,Unknown,2026-02-19 07:56:16.853415
INDUSINDBK,Finance,2026-02-19 07:56:16.853451
INDUSTOWER,Unknown,2026-02-19 07:56:16.853488
INFOBEAN,IT,2026-02-19 07:56:16.853524
INFOMEDIA,Unknown,2026-02-19 07:56:16.853561
INFY,Unknown,2026-02-19 07:56:16.853598
INGERRAND,Unknown,2026-02-19 07:56:16.853641
INNOVACAP,Unknown,2026-02-19 07:56:16.853680
INNOVANA,Unknown,2026-02-19 07:56:16.853718
INOXGREEN,Energy,2026-02-19 07:56:16.853755
INOXINDIA,Unknown,2026-02-19 07:56:16.853793
INOXWIND,Unknown,2026-02-19 07:56:16.853830
INSECTICID,Unknown,2026-02-19 07:56:16.853867
INSPIRISYS,Unknown,2026-02-19 07:56:16.853904
INTELLECT,Unknown,2026-02-19 07:56:16.853941
INTENTECH,IT,2026-02-19 07:56:16.853978
INTERARCH,Unknown,2026-02-19 07:56:16.854015
INTLCONV,Unknown,2026-02-19 07:56:16.854051
INVENTURE,Unknown,2026-02-19 07:56:16.854087
IOB,Finance,2026-02-19 07:56:16.854123
IOC,Energy,2026-02-19 07:56:16.854161
IOLCP,Pharma,2026-02-19 07:56:16.854212
IONEXCHANG,Unknown,2026-02-19 07:56:16.854259
IPCALAB,Unknown,2026-02-19 07:56:16.854298
IPL,Unknown,2026-02-19 07:56:16.854342
IRB,Unknown,2026-02-19 07:56:16.854382
IRCON,Unknown,2026-02-19 07:56:16.854425
IRCTC,Unknown,2026-02-19 07:56:16.854465
IREDA,Energy,2026-02-19 07:56:16.854503
IRFC,Finance,2026-02-19 07:56:16.854539
IRIS,IT,2026-02-19 07:56:16.854576
IRISDOREME,Unknown,2026-02-19 07:56:16.854613
IRMENERGY,Energy,2026-02-19 07:56:16.854651
ISFT,IT,2026-02-19 07:56:16.854687
ISGEC,Unknown,2026-02-19 07:56:16.854725
ISHANCH,Unknown,2026-02-19 07:56:16.854763
ITC,Unknown,2026-02-19 07:56:16.854800
ITCHOTELS,Unknown,2026-02-19 07:56:16.854843
ITDC,Unknown,2026-02-19 07:56:16.854888
ITI,Unknown,2026-02-19 07:56:16.854926
IVALUE,Unknown,2026-02-19 07:56:16.854964
IVC,Unknown,2026-02-19 07:56:16.855014
IVP,Unknown,2026-02-19 07:56:16.855050
IXIGO,IT,2026-02-19 07:56:16.855097
IZMO,Unknown,2026-02-19 07:56:16.855134
J&KBANK,Finance,2026-02-19 07:56:16.855181
JAGRAN,Unknown,2026-02-19 07:56:16.855237
JAGSNPHARM,Pharma,2026-02-19 07:56:16.855278
JAIBALAJI,Unknown,2026-02-19 07:56:16.855316
JAICORPLTD,Unknown,2026-02-19 07:56:16.855354
JAINREC,Unknown,2026-02-19 07:56:16.855391
JAIPURKURT,Unknown,2026-02-19 07:56:16.855429
JAMNAAUTO,Automobile,2026-02-19 07:56:16.855465
JARO,IT,2026-02-19 07:56:16.855501
JASH,Unknown,2026-02-19 07:56:16.855538
JAYAGROGN,Unknown,2026-02-19 07:56:16.855582
JAYBARMARU,Unknown,2026-02-19 07:56:16.855620
JAYKAY,Unknown,2026-02-19 07:56:16.855656
JAYNECOIND,Unknown,2026-02-19 07:56:16.855694
JAYSREETEA,Unknown,2026-02-19 07:56:16.855731
JBCHEPHARM,Pharma,2026-02-19 07:56:16.855767
JBMA,Automobile,2026-02-19 07:56:16.855803
JGCHEM,Unknown,2026-02-19 07:56:16.855839
JHS,Unknown,2026-02-19 07:56:16.855877
JINDALPHOT,Unknown,2026-02-19 07:56:16.855914
JINDALPOLY,Unknown,2026-02-19 07:56:16.855951
JINDALSAW,Unknown,2026-02-19 07:56:16.855988
